598 586
89 159
392 380
791 588
107 942
280 735
366 379
11 755
115 297
951 51
811 943
117 212
469 496
731 693
515 843
681 590
407 378
664 642
917 705
748 935
909 304
531 243
781 565
604 200
127 109
363 722
167 862
966 373
894 909
682 300
91 346
770 412
555 342
348 612
925 88
820 584
15 944
982 277
774 647
937 553
342 516
861 763
680 653
382 418
656 254
483 456
145 678
664 505
694 966
254 928
923 151
245 55
177 510
60 56
643 70
873 282
279 798
53 29
60 813
347 80
270 723
680 220
16 145
611 44
872 714
963 387
824 873
61 54
992 55
247 978
52 45
647 143
824 820
992 264
108 338
852 23
209 434
225 580
677 588
562 40
189 477
965 47
417 71
28 549
899 951
738 689
84 491
48 113
238 3
283 186
195 762
385 441
404 574
478 815
441 602
456 477
887 468
965 499
72 897
39 813
48 392
841 697
120 766
952 97
596 791
924 156
114 281
170 839
691 846
545 723
328 96
57 445
395 362
597 260
800 281
381 233
863 488
986 969
72 477
93 901
597 275
462 918
339 332
884 299
94 955
616 468
155 247
201 152
237 550
431 909
799 201
672 115
780 883
642 708
687 114
746 470
75 798
459 980
469 267
328 445
711 2
145 461
487 329
601 225
533 363
402 163
834 461
589 428
501 944
90 566
932 48
41 984
684 438
437 476
933 121
240 678
50 430
663 662
594 877
622 619
410 283
249 220
536 630
965 763
411 64
566 697
523 490
272 627
774 670
798 830
423 804
587 894
895 160
83 241
934 645
1000 981
833 955
387 281
563 999
92 981
492 114
471 804
35 986
799 84
391 738
297 865
744 20
27 378
373 698
737 928
232 580
193 242
370 717
896 152
866 644
379 2
711 870
87 957
798 360
50 905
943 845
637 785
794 749
951 428
875 8
807 844
276 965
286 945
980 684
782 328
288 679
175 11
897 338
907 761
714 310
979 297
546 125
557 190
441 593
832 742
230 536
204 760
976 199
929 554
790 305
86 976
45 277
892 643
340 751
735 20
321 130
989 577
278 998
944 725
491 449
746 992
409 324
285 41
281 357
184 906
216 889
273 726
563 801
15 906
150 874
100 190
549 680
757 332
656 718
14 637
954 568
363 319
602 979
879 632
736 176
532 398
470 864
378 886
519 377
605 379
500 824
895 832
796 382
615 462
799 149
254 82
962 738
174 982
996 655
680 684
594 948
263 684
216 930
642 233
678 893
546 307
151 455
134 302
670 342
660 81
570 114
728 56
207 348
624 290
661 688
699 346
383 585
513 763
380 726
998 111
90 546
332 432
852 587
116 743
586 680
747 691
912 787
106 859
664 522
944 512
444 155
730 530
290 502
603 843
507 159
665 207
616 324
154 869
859 299
608 565
251 489
555 256
842 831
489 419
502 147
791 319
741 20
240 956
994 32
898 848
352 914
743 397
902 107
139 175
149 681
325 101
875 506
766 25
454 376
478 440
441 119
461 842
646 6
437 725
264 602
625 888
464 863
111 986
379 982
385 795
815 409
341 933
990 802
606 372
633 17
225 309
345 562
186 745
748 111
486 275
898 729
237 375
509 670
428 537
975 539
188 721
216 236
28 572
88 311
599 912
602 526
611 302
77 898
892 949
255 77
844 50
743 380
293 208
462 324
120 27
92 570
530 889
543 798
627 754
161 501
979 485
923 303
703 420
226 497
913 93
785 751
865 6
920 490
570 758
275 714
259 249
812 281
228 970
552 229
829 788
860 420
456 455
483 213
326 281
563 407
480 137
660 103
558 995
320 847
270 594
576 204
657 454
215 58
788 732
69 932
4 795
302 110
250 840
406 140
966 315
472 228
129 474
397 192
800 263
623 344
749 855
229 35
154 679
441 74
243 886
206 978
160 409
733 95
221 911
200 606
518 549
780 913
893 54
595 715
200 599
93 74
368 838
258 114
308 56
64 74
362 368
916 318
514 848
94 695
714 406
263 47
976 962
333 947
120 971
56 919
204 582
612 441
335 933
906 671
471 727
648 513
333 841
652 704
94 507
7 84
784 885
741 210
891 927
607 494
220 573
1 61
379 760
527 379
972 661
781 799
487 248
85 81
371 862
520 874
589 517
658 781
946 160
871 620
188 353
451 632
526 672
905 269
618 122
919 171
670 961
260 249
165 164
248 631
711 148
28 794
856 434
207 610
605 803
117 434
447 185
719 16
229 177
531 571
662 499
562 391
353 183
307 685
998 336
358 363
928 651
485 638
317 795
83 320
177 802
336 163
582 528
621 542
70 115
493 364
114 662
282 119
393 48
761 9
453 767
716 446
810 839
934 957
169 448
919 835
693 63
533 949
887 61
167 169
772 483
256 559
881 908
557 329
262 686
607 710
861 851
358 746
984 531
655 107
312 71
63 431
915 436
892 293
738 297
366 266
501 46
283 43
511 431
393 979
65 551
622 660
242 491
584 254
496 852
594 739
79 581
959 460
510 715
813 514
204 693
229 184
314 328
279 469
890 356
625 20
964 591
86 522
212 873
923 76
637 644
389 834
31 665
216 128
791 154
891 8
951 500
123 189
676 533
675 324
254 889
268 688
335 63
270 322
197 274
232 358
42 485
382 34
399 888
257 133
689 130
910 765
932 10
962 877
97 127
410 174
287 743
787 111
535 407
132 791
776 652
495 71
488 927
368 303
685 118
968 666
50 382
824 15
326 678
57 360
428 430
381 288
246 606
282 972
839 370
524 173
167 155
24 814
126 874
389 549
259 818
381 17
517 705
167 28
884 616
712 743
249 931
518 491
780 515
611 532
128 417
652 509
829 149
799 973
955 563
711 979
99 118
181 667
547 797
200 315
728 740
210 287
580 883
490 495
212 652
884 288
623 645
678 880
820 314
451 16
845 628
180 647
251 335
897 349
270 404
565 551
86 206
906 803
749 434
822 408
432 28
342 975
797 886
9 375
349 779
371 38
531 423
840 744
637 880
50 138
472 30
442 485
877 68
206 590
585 725
107 309
833 607
663 952
252 968
160 279
849 873
869 64
698 85
316 70
686 3
449 847
932 524
765 753
720 287
775 531
486 16
976 732
10 939
819 702
879 208
438 323
321 654
815 687
638 977
259 760
260 336
241 554
932 452
335 478
303 832
483 636
763 810
874 3
393 456
941 739
956 945
657 199
141 386
89 737
208 391
415 188
664 106
800 595
333 465
164 686
827 356
176 439
69 56
766 686
379 916
340 135
2 49
797 401
641 267
301 489
83 318
366 914
361 618
103 787
63 97
10 548
559 76
478 427
432 56
677 800
104 815
508 158
378 404
268 618
332 406
775 826
145 188
128 180
231 951
572 915
636 794
214 350
225 553
790 566
290 196
718 327
314 470
439 474
584 45
497 970
399 734
141 551
114 11
380 946
815 495
57 556
3 719
222 646
63 605
144 127
371 812
89 963
57 494
396 241
108 510
629 502
503 661
572 93
77 489
149 857
435 359
602 552
216 182
978 66
950 836
187 633
951 314
83 157
606 28
402 804
806 361
556 866
356 954
136 355
122 823
73 80
713 212
251 208
308 409
338 524
357 596
655 488
239 371
837 635
193 62
110 604
697 445
554 269
995 508
979 508
224 515
224 30
449 896
27 584
59 638
395 418
165 905
567 747
915 285
957 987
989 624
666 246
869 938
86 295
489 367
993 167
290 601
284 921
593 715
163 295
564 249
678 620
949 270
162 220
211 721
611 295
486 108
798 654
173 913
233 214
838 310
12 60
614 578
947 45
968 375
758 316
476 647
244 620
666 517
430 947
787 662
439 993
699 284
898 155
253 711
539 329
76 138
62 960
388 21
968 345
356 969
679 675
57 581
503 320
345 608
653 813
448 619
259 200
423 448
588 287
43 55
350 952
267 444
138 252
74 245
585 846
500 649
423 568
592 53
530 582
546 585
498 702
325 236
54 117
575 45
22 124
373 905
921 846
737 216
795 962
742 774
182 88
391 154
581 611
792 857
784 677
166 592
531 296
559 251
318 372
18 142
153 627
119 475
873 230
812 314
291 252
488 313
668 692
551 537
236 209
370 181
235 372
239 585
452 527
488 159
818 593
120 331
208 46
357 402
246 687
993 863
492 376
721 603
165 401
575 216
819 251
741 297
236 500
320 406
771 910
915 735
383 724
59 923
31 816
562 220
916 31
619 714
680 219
410 867
857 358
475 50
372 341
163 666
572 412
240 537
830 35
187 35
335 840
23 109
903 969
761 18
688 437
485 601
126 757
981 799
362 403
736 529
799 759
913 321
75 535
459 443
637 232
80 999
835 614
612 516
117 868
980 994
834 495
956 848
995 624
336 734
804 290
266 153
902 28
323 348
958 233
497 844
672 736
588 442
327 636
34 760
691 24
822 973
294 988
182 538
198 995
950 439
493 732
440 831
573 752
983 613
996 669
670 940
678 380
412 919
750 754
980 574
901 361
670 352
767 64
771 891
466 595
454 269
450 94
4 770
302 777
768 738
