599 906
880 771
479 170
934 923
138 831
802 515
900 212
34 620
471 196
114 177
373 699
672 675
482 40
980 444
183 445
492 230
805 680
472 499
985 579
458 131
14 922
702 568
632 224
662 826
48 86
738 700
565 653
77 661
762 208
473 417
133 13
598 875
291 284
271 950
464 337
598 41
23 824
973 704
912 97
196 643
529 373
792 270
180 275
993 85
686 422
634 573
31 99
108 866
839 194
62 555
649 845
125 950
719 754
39 261
429 925
265 717
567 268
953 972
76 706
163 65
597 571
361 813
906 285
832 505
430 681
836 173
359 822
344 527
576 242
861 286
53 489
692 681
921 70
441 399
18 420
496 514
951 384
387 316
794 711
695 252
749 807
848 202
701 497
274 808
152 815
570 53
706 564
526 238
358 789
754 946
408 249
98 777
823 399
31 824
167 131
368 688
166 375
654 260
281 992
35 145
827 468
203 833
480 316
89 882
297 955
648 147
799 448
118 497
207 872
838 189
505 356
967 324
535 379
103 151
154 683
964 420
103 694
624 448
378 427
989 355
669 905
669 790
686 731
275 211
900 608
309 58
225 43
999 692
570 556
381 638
694 994
919 343
754 29
689 305
834 262
843 919
742 719
471 536
56 671
956 102
810 856
29 127
370 763
463 389
963 350
155 30
775 953
681 567
296 105
577 376
778 603
291 536
554 742
701 425
632 182
968 110
936 73
502 790
216 790
786 218
44 74
59 1000
574 605
745 731
809 662
795 180
456 426
157 466
262 760
110 251
571 344
954 779
396 523
355 986
149 369
443 487
498 680
604 248
632 965
405 426
581 467
865 477
610 957
149 84
82 405
416 835
605 989
112 151
911 565
152 603
845 453
450 715
713 518
866 517
311 279
88 267
665 381
627 577
432 349
501 281
359 23
37 780
654 213
120 559
550 565
632 579
499 941
898 441
825 944
218 99
949 425
756 277
911 429
779 602
397 737
150 566
122 892
993 310
180 492
519 44
116 601
728 698
56 45
970 563
345 475
303 543
681 332
599 512
12 106
670 185
996 628
460 612
167 637
741 18
612 689
223 807
209 871
625 785
533 770
368 468
864 522
863 952
731 206
689 609
227 47
210 334
74 638
838 195
430 757
562 968
12 888
822 445
813 856
86 862
198 870
392 103
262 516
837 281
582 449
573 697
456 122
665 330
523 355
220 588
857 447
586 456
902 428
322 563
818 526
797 678
315 942
828 49
658 453
623 884
697 713
284 252
399 887
602 663
127 102
782 947
46 411
559 15
978 292
394 500
835 486
488 977
287 921
346 20
934 372
936 853
186 352
679 889
406 155
622 14
283 870
501 79
639 608
17 744
802 419
594 640
34 260
943 481
108 312
704 170
898 20
971 719
937 916
335 954
275 946
0 515
214 423
196 132
467 543
487 508
375 317
845 944
650 893
296 68
523 442
347 331
13 815
383 674
911 825
544 145
932 530
321 278
685 899
560 180
831 77
95 41
289 691
562 632
349 820
71 323
457 536
389 166
855 976
899 732
800 494
413 40
980 762
77 460
822 198
36 244
199 280
123 897
553 462
254 154
163 734
897 655
373 485
393 874
656 330
173 554
612 113
227 138
305 73
35 177
284 849
86 958
379 896
311 237
584 877
330 94
865 359
484 115
872 397
314 89
947 631
160 520
212 463
139 110
888 419
139 488
618 584
750 965
348 346
227 252
58 373
858 686
892 866
312 649
290 622
694 365
808 557
237 514
75 933
465 780
462 400
718 624
983 302
111 251
176 32
11 979
796 718
144 453
216 224
748 7
786 92
112 486
697 103
544 563
653 470
526 808
184 681
7 473
681 612
591 787
764 557
239 361
335 283
289 322
592 814
462 60
823 514
951 855
580 722
99 300
682 925
445 479
151 634
918 555
963 202
399 329
292 287
471 308
323 563
219 808
941 589
795 383
138 828
566 446
65 473
266 806
368 662
373 536
759 198
181 635
353 950
49 192
240 225
761 478
810 871
610 260
3 754
561 339
756 310
465 298
896 727
462 701
901 911
575 37
570 444
694 468
435 716
265 196
72 34
594 931
192 126
53 639
913 150
846 801
134 953
296 912
617 413
281 494
888 96
958 280
91 284
795 271
313 249
484 29
106 87
448 771
47 711
494 590
873 219
933 100
651 847
652 851
39 124
893 405
721 512
882 963
963 557
65 447
625 621
331 245
750 843
343 585
859 378
242 811
376 706
966 31
397 427
83 559
837 88
254 446
911 118
31 289
846 221
54 285
130 158
12 479
619 842
281 875
428 87
1 420
443 789
666 364
118 829
713 68
560 597
458 957
832 258
834 461
588 630
424 312
967 541
952 562
924 504
667 67
20 599
729 161
244 129
660 927
668 376
119 647
718 870
211 69
280 479
79 823
737 5
926 649
375 650
359 56
470 292
467 451
422 478
4 554
217 27
638 5
878 946
837 617
630 854
452 874
993 819
325 106
927 447
594 76
1000 583
921 225
619 815
795 694
12 262
418 970
22 306
588 504
682 436
394 441
508 606
252 518
876 719
760 580
83 604
463 759
343 332
418 795
81 833
185 416
298 982
875 307
537 322
534 598
653 417
261 79
141 599
263 644
340 469
872 827
424 152
610 299
619 50
181 417
619 91
465 233
611 805
436 195
892 44
547 734
665 211
299 339
270 229
964 340
195 645
27 120
890 271
608 463
172 463
29 828
