164 693
872 319
995 594
221 68
238 609
327 45
894 551
281 629
700 352
693 631
862 347
37 427
76 696
973 926
896 393
265 70
896 848
328 535
888 59
925 400
705 102
303 409
997 183
111 741
434 827
649 449
138 100
684 727
931 123
489 21
20 752
831 258
210 357
104 4
531 816
447 215
228 968
51 143
89 631
698 744
966 665
366 406
368 946
625 827
791 632
907 640
675 178
793 338
270 990
795 456
133 369
729 126
768 447
311 528
109 66
397 379
816 125
719 749
283 161
628 746
254 784
461 432
659 67
339 722
835 444
859 885
588 25
418 736
229 325
940 256
403 922
546 198
462 580
235 469
160 148
630 903
684 878
873 982
157 166
544 314
112 538
392 544
473 748
735 241
314 787
711 57
316 578
93 48
898 82
771 170
838 482
208 686
670 997
690 97
255 798
387 701
86 746
449 88
680 155
279 879
226 586
132 508
521 741
330 178
692 882
827 701
792 250
763 683
324 543
278 186
103 657
430 749
158 477
362 782
792 33
321 545
49 68
559 852
30 26
66 889
800 127
576 472
5 805
983 579
121 204
377 55
650 7
524 123
831 145
916 141
605 243
840 886
570 581
925 926
210 6
223 551
101 392
975 564
166 341
660 579
785 474
316 321
1 628
404 168
406 262
651 158
878 156
679 120
617 368
233 52
836 474
355 580
242 669
28 459
850 625
952 472
933 636
705 326
857 250
974 855
852 220
639 200
760 404
852 260
187 139
304 823
369 146
471 599
656 927
556 280
901 612
355 236
419 79
476 856
717 684
523 870
517 103
127 785
610 363
909 801
941 123
53 755
646 856
140 907
204 765
560 240
110 953
864 309
781 173
306 452
377 25
424 417
526 165
948 259
721 319
339 803
175 155
937 923
866 14
199 232
595 140
378 728
827 183
451 987
729 382
37 251
598 746
316 271
406 801
436 207
298 254
819 932
66 121
671 50
370 25
803 16
104 68
733 748
458 599
367 853
173 490
389 360
804 529
336 624
814 743
930 740
432 260
811 732
444 338
397 493
157 989
71 958
223 998
282 695
40 5
267 343
996 928
789 313
431 132
282 924
609 148
351 155
872 912
782 250
851 452
967 266
12 893
530 912
493 836
262 754
405 35
409 238
259 296
930 62
890 448
938 200
308 288
23 826
847 263
642 955
786 738
613 720
380 312
358 401
131 880
915 19
306 589
328 511
79 406
55 849
990 121
261 981
855 502
840 903
983 360
500 946
452 223
325 834
532 462
376 830
127 916
600 431
148 815
16 353
758 741
672 45
674 285
479 464
786 7
84 618
106 906
235 937
755 764
817 606
377 383
437 140
820 583
88 786
448 290
312 163
92 479
870 556
161 684
420 378
47 338
884 759
528 91
84 514
649 283
402 923
800 946
372 245
239 792
807 822
936 484
324 958
80 351
25 310
837 805
471 926
179 677
659 206
408 85
169 995
362 517
789 999
815 31
771 31
207 287
174 375
35 81
955 996
218 621
720 742
452 770
210 565
601 282
282 232
938 752
574 858
476 344
342 789
624 120
160 180
887 506
356 349
634 242
705 939
888 892
70 176
291 37
890 470
385 894
175 259
310 111
850 331
526 383
242 325
75 774
803 491
681 489
113 116
506 740
992 620
453 18
741 481
348 102
832 725
522 335
426 620
210 543
710 848
549 228
255 220
983 788
155 694
88 349
440 677
392 318
224 933
948 212
990 870
642 126
124 597
330 555
744 871
651 730
851 790
342 942
192 626
103 29
32 394
1 343
671 497
501 147
613 542
449 555
143 18
334 111
661 851
931 298
161 217
991 136
330 57
471 665
918 615
97 572
782 503
739 385
60 472
1000 271
161 640
226 730
361 270
939 347
468 266
974 664
603 481
711 660
570 712
745 891
590 628
315 101
546 364
615 907
331 854
636 445
320 823
390 277
806 766
143 419
305 14
162 381
850 455
333 933
862 713
594 822
972 204
82 695
83 134
276 828
258 804
194 490
816 720
929 169
847 209
936 441
643 384
101 456
74 611
122 872
585 903
337 332
70 592
957 111
92 247
215 43
704 30
97 374
256 620
812 151
651 573
960 215
944 82
464 689
117 145
145 393
508 878
197 771
527 429
759 564
388 890
989 292
521 558
986 146
64 524
819 103
894 998
214 588
770 808
693 568
616 396
528 618
67 959
235 114
63 851
116 274
123 764
714 416
94 782
536 965
919 623
15 405
92 797
480 242
531 358
457 442
474 988
253 302
367 955
293 911
226 553
967 164
993 629
339 556
835 315
498 975
497 99
493 53
117 428
541 416
347 377
622 339
690 764
664 627
416 215
90 441
627 631
141 193
19 905
766 451
117 173
241 159
133 770
252 382
817 0
299 233
86 692
735 603
566 270
213 722
466 870
298 752
981 535
796 977
40 977
904 606
56 599
477 834
59 242
203 364
642 58
832 309
764 187
483 857
286 389
553 538
577 252
337 979
318 394
455 567
983 631
936 717
828 364
696 480
880 885
803 291
620 995
95 107
101 326
885 957
498 250
809 258
790 79
833 9
663 75
558 67
93 622
982 674
398 664
132 107
205 861
166 113
448 228
801 728
757 363
615 700
645 733
972 107
154 137
284 60
48 645
27 461
116 754
955 281
452 884
18 122
28 731
352 766
421 853
105 732
935 969
450 133
39 569
788 821
437 930
2 699
576 103
577 190
606 792
925 395
170 510
466 726
301 943
216 337
625 339
72 899
329 924
472 618
539 337
314 501
518 484
252 809
666 69
779 761
482 620
497 279
518 830
267 309
922 905
559 279
542 832
414 304
307 986
419 458
754 113
78 151
770 694
67 582
827 103
880 628
943 332
623 153
835 791
410 751
285 837
998 466
161 884
954 55
968 735
924 744
388 333
633 369
37 671
249 674
79 383
719 269
635 150
424 939
81 634
989 645
169 782
270 199
252 425
894 558
605 370
1 158
35 471
466 208
443 279
582 461
711 707
627 15
91 308
659 995
678 104
612 870
233 496
491 489
619 628
211 816
896 920
459 709
982 795
206 645
968 364
503 536
519 914
888 138
299 331
816 669
707 431
222 478
741 94
768 700
187 157
319 923
792 360
506 520
487 925
860 693
797 933
848 762
887 948
134 53
729 768
65 677
106 934
13 24
325 970
544 727
835 786
267 735
275 611
225 434
321 966
97 849
752 633
713 155
625 379
447 354
549 921
293 797
348 776
635 662
623 728
908 836
451 773
721 965
630 158
541 470
642 754
113 389
430 413
414 771
307 743
260 843
354 872
409 921
674 200
763 518
659 69
437 516
70 340
200 736
685 826
452 68
238 595
332 657
43 115
791 848
990 468
562 101
499 745
248 16
321 816
953 808
861 580
412 268
80 956
718 587
397 341
881 190
146 407
188 359
259 301
970 176
677 439
798 348
115 829
350 506
13 674
991 209
417 375
779 957
190 529
48 232
540 174
46 32
43 816
122 544
973 971
300 571
56 130
511 514
516 505
450 886
78 803
915 672
226 165
732 395
283 217
460 529
579 609
676 668
17 495
792 147
754 57
483 710
221 354
624 586
539 219
887 321
291 88
12 126
663 507
493 636
412 484
743 279
155 885
495 602
712 78
154 512
126 65
370 246
299 790
81 647
132 349
460 232
40 744
140 444
468 439
423 677
384 14
566 805
722 522
97 644
516 596
201 804
304 851
144 318
416 577
751 489
921 661
303 687
902 889
147 556
938 404
289 881
915 315
192 801
779 243
18 258
555 659
558 465
404 61
581 40
636 872
376 538
752 168
300 49
471 87
229 938
562 603
906 660
28 124
419 40
39 900
862 450
160 589
183 308
323 952
331 557
832 426
901 426
353 860
286 860
380 742
543 656
123 424
890 60
547 284
742 568
948 792
286 893
601 37
721 795
670 582
423 742
385 908
570 776
517 673
140 600
667 255
581 537
528 702
732 131
502 824
36 939
482 590
454 291
96 198
464 457
526 885
943 198
254 276
479 253
768 762
944 77
545 560
332 392
390 207
484 384
354 59
901 7
378 799
16 539
377 712
8 937
312 984
908 875
788 943
362 62
910 328
520 402
652 357
34 995
698 232
293 756
154 146
753 656
256 178
113 189
115 672
811 299
468 135
513 57
324 205
813 754
953 397
505 712
746 60
567 381
58 284
217 302
747 431
69 949
495 603
591 506
330 783
755 161
339 294
528 690
250 855
246 282
937 23
491 553
289 334
829 274
453 97
776 372
677 611
713 419
445 952
52 32
446 50
948 658
602 79
87 409
989 339
701 865
243 647
662 228
335 211
381 961
230 457
916 481
202 879
495 406
679 580
716 217
36 139
734 880
523 213
367 946
71 736
684 537
11 790
924 146
522 616
932 840
342 903
884 170
358 991
848 568
875 348
199 937
642 593
157 230
41 143
168 318
372 288
774 392
875 66
991 422
575 447
265 753
573 855
566 307
866 930
248 467
57 287
698 56
698 837
453 904
773 747
426 689
752 825
537 212
501 343
434 490
824 58
586 685
816 31
343 406
527 558
94 911
239 575
258 102
714 343
31 642
964 170
586 758
736 85
957 599
927 810
797 539
195 705
389 313
809 499
17 385
194 777
768 687
746 391
170 729
640 521
467 267
373 761
509 950
147 496
932 114
238 899
244 874
752 748
692 445
833 38
843 917
129 401
870 260
713 858
769 509
354 978
863 275
5 761
389 502
837 220
814 237
561 724
962 66
128 170
693 825
773 380
563 355
36 62
172 412
723 269
573 728
326 605
742 138
139 383
472 675
243 680
678 959
445 373
625 732
137 810
681 437
706 950
262 779
735 966
231 519
568 923
836 657
438 447
719 960
416 396
688 51
384 665
810 586
794 283
604 353
699 75
617 268
673 946
798 664
315 50
825 755
607 883
219 67
34 774
182 860
267 556
897 407
4 743
391 735
215 867
843 237
257 523
257 83
158 584
675 834
932 903
686 736
673 898
89 270
77 346
367 988
487 763
57 151
436 906
723 958
704 18
938 606
213 778
390 64
499 174
812 266
827 642
794 672
657 894
165 367
505 467
34 363
515 386
45 378
442 668
832 147
20 356
765 163
315 425
676 876
601 909
174 205
972 741
837 587
281 601
175 254
829 254
296 599
375 30
902 489
971 153
538 884
293 77
494 76
105 612
930 232
775 517
488 118
969 797
839 52
607 968
337 209
260 151
903 22
683 384
911 696
526 259
268 571
747 686
475 385
18 911
189 751
679 210
33 165
823 644
85 687
521 994
840 781
603 90
959 195
568 897
690 825
559 460
293 368
428 392
600 367
333 727
475 990
37 151
203 401
751 796
144 487
322 281
822 695
334 100
741 961
477 437
36 154
73 653
135 928
289 296
923 934
221 241
213 905
415 301
890 910
460 809
774 439
568 188
241 44
946 984
405 436
822 887
553 48
506 603
179 431
811 59
586 204
634 534
569 15
193 239
203 843
880 514
338 319
317 68
563 296
699 631
80 396
880 962
550 412
710 696
654 742
176 607
895 699
251 692
549 272
965 635
81 369
450 262
1000 414
121 460
814 177
199 69
459 311
847 426
437 19
228 214
287 503
601 928
447 926
868 138
688 989
139 368
840 692
143 877
342 981
859 8
525 977
307 684
730 797
392 957
821 344
334 937
51 311
372 579
798 487
694 502
346 904
5 724
463 619
857 499
925 15
530 706
679 387
17 241
554 590
120 906
834 897
747 509
850 915
143 124
664 815
867 78
694 539
691 424
475 340
813 992
748 776
978 29
594 381
770 751
234 732
930 668
330 52
593 875
214 799
868 638
304 35
645 901
820 593
445 791
843 891
76 84
256 974
236 180
998 463
487 243
880 534
943 399
170 381
629 975
295 425
371 270
722 956
631 912
930 146
730 794
672 185
273 701
480 183
755 30
181 925
70 734
81 314
396 574
391 774
719 24
821 868
243 226
259 291
25 360
246 300
158 933
129 609
5 396
42 557
715 365
51 184
649 264
49 457
51 214
364 174
386 973
864 984
583 663
241 997
9 400
844 623
633 494
84 788
548 182
657 848
129 48
927 626
555 377
46 37
484 170
1 886
859 213
173 46
595 797
69 86
861 371
222 258
773 650
936 195
301 995
463 974
931 243
164 25
636 980
664 819
680 663
111 177
642 251
503 793
947 887
509 832
110 34
138 943
768 521
989 807
403 35
14 382
749 413
933 603
246 520
908 930
18 69
367 693
905 10
230 557
413 418
235 226
153 683
728 345
79 952
363 11
98 970
992 479
818 906
323 572
149 935
54 979
401 148
517 422
988 845
260 594
1 757
248 607
476 41
84 431
272 498
427 520
86 855
380 920
376 442
656 279
482 320
691 754
593 743
733 575
791 488
497 36
553 480
763 764
396 223
263 985
531 624
934 946
871 643
182 932
591 903
316 52
764 705
623 55
561 399
140 683
672 376
90 137
169 75
490 727
702 484
647 0
505 624
837 472
786 344
153 217
257 278
962 990
739 428
106 933
197 297
433 571
759 649
472 671
526 750
592 575
395 549
405 204
753 211
547 485
809 354
959 815
365 901
455 698
199 217
715 280
428 182
324 421
487 278
607 978
632 705
426 383
330 583
17 441
817 330
222 442
623 543
712 97
377 239
156 707
546 740
904 389
956 600
480 250
966 685
133 327
733 609
848 140
654 398
514 886
638 704
175 47
950 727
550 865
212 907
882 148
30 135
984 55
200 273
521 491
986 128
471 530
478 36
148 765
82 1
270 349
275 921
758 28
114 987
747 492
327 615
376 50
439 800
364 886
930 518
223 244
830 873
58 399
959 434
420 316
828 788
849 264
298 969
245 454
757 567
480 584
601 693
116 83
300 431
993 974
94 741
280 649
324 370
728 153
926 69
676 449
299 18
609 200
409 925
204 917
773 924
217 778
471 931
421 838
57 992
244 754
334 857
33 442
884 126
901 912
4 968
691 971
163 881
847 270
529 111
215 626
336 929
621 531
636 613
144 39
815 944
805 474
297 238
964 898
840 995
977 235
833 997
991 144
265 290
530 199
570 664
26 633
265 629
551 678
731 7
21 909
820 270
429 697
993 538
62 747
209 888
996 498
225 402
30 325
782 752
367 251
799 291
395 392
886 767
720 543
769 928
149 318
76 661
273 259
455 751
664 217
739 51
249 508
506 861
710 750
420 458
562 79
996 317
826 452
788 901
727 159
153 439
162 725
797 761
972 243
914 575
776 343
322 92
433 43
937 446
910 866
920 409
836 12
785 545
122 532
307 530
828 190
738 985
506 151
245 5
63 157
936 151
277 57
282 4
586 544
271 687
694 537
383 431
245 688
228 956
205 283
734 794
142 805
691 181
913 33
716 16
492 544
798 349
993 700
557 1
455 149
23 806
340 210
171 489
355 812
930 624
1 305
348 825
886 856
987 518
686 404
216 771
872 114
736 755
170 196
203 896
180 542
644 549
661 782
681 864
369 498
990 649
618 160
568 240
189 817
617 341
508 542
424 289
152 207
442 12
865 973
375 661
639 433
384 628
852 569
849 808
673 232
130 602
497 426
102 695
156 352
781 786
546 670
637 337
991 971
30 351
362 984
102 488
391 329
397 162
847 824
857 461
60 319
435 411
351 471
438 554
559 772
83 492
517 423
546 501
36 351
318 413
582 22
456 241
315 284
470 471
520 850
532 66
200 913
279 14
542 251
531 530
457 941
837 290
795 863
835 45
304 912
465 944
432 3
431 931
61 475
577 963
38 465
85 627
863 902
191 737
348 544
545 111
306 139
5 137
926 231
148 958
489 24
323 390
430 436
749 567
701 836
161 51
201 21
972 216
838 726
825 103
908 511
282 942
355 273
206 654
87 70
271 130
520 352
986 158
417 240
651 120
674 252
660 159
321 291
683 315
1000 629
768 463
719 439
72 435
122 699
321 939
202 65
323 88
917 884
23 890
722 305
349 631
793 171
247 556
839 470
508 648
939 58
807 473
448 146
287 605
765 276
812 417
68 294
560 955
304 181
738 4
976 34
510 67
507 923
252 830
782 395
884 107
743 293
587 571
283 105
647 495
178 410
758 375
939 242
347 591
605 700
109 246
60 27
862 432
964 220
925 795
401 845
588 296
928 253
208 109
399 509
872 867
512 272
609 971
697 199
536 588
309 263
319 125
27 874
710 195
442 233
404 912
0 901
610 870
467 403
584 467
478 229
376 925
578 280
293 914
36 317
890 778
469 252
712 31
497 867
511 94
212 890
781 855
459 138
837 955
137 542
115 142
156 296
939 275
158 240
642 776
876 609
972 818
718 539
176 247
908 104
278 946
169 5
619 699
893 817
197 499
724 38
318 64
155 559
340 221
628 259
864 420
742 591
979 247
518 848
852 335
910 725
50 882
653 204
335 432
86 970
942 82
448 115
810 23
280 100
366 694
415 214
623 685
770 36
598 969
370 478
305 629
864 191
773 862
111 662
267 974
823 462
563 560
539 576
657 298
763 269
90 426
620 210
48 38
442 371
339 334
247 578
133 479
32 198
180 588
705 489
911 334
779 38
667 252
276 185
366 476
27 469
31 193
705 903
108 341
324 372
205 538
293 719
982 667
131 447
61 902
388 161
399 727
503 733
660 613
613 832
491 787
820 304
429 480
51 791
597 445
719 239
364 425
250 734
165 109
801 410
101 341
643 678
533 247
971 111
358 103
712 134
686 150
101 267
260 580
495 355
537 129
800 438
576 495
350 329
50 995
607 449
172 120
52 646
645 617
485 855
528 554
889 356
804 71
493 241
85 488
598 909
686 289
240 855
814 587
366 628
577 671
350 817
217 104
284 652
873 819
236 362
801 922
673 27
859 881
425 50
256 336
679 219
389 400
254 935
4 643
439 721
788 489
602 737
82 387
467 691
700 173
875 389
159 177
647 290
305 68
306 988
385 423
223 788
721 76
479 18
696 408
554 431
91 875
907 83
399 741
185 87
932 843
742 79
545 832
47 169
790 675
768 264
936 848
122 430
50 763
818 884
385 21
82 155
439 22
201 458
433 56
764 926
183 159
49 506
751 69
621 563
956 145
811 845
193 953
434 524
459 954
965 61
455 920
987 521
287 721
477 621
797 81
155 594
208 558
290 699
751 47
492 393
262 58
190 503
23 482
188 115
737 344
235 225
306 180
184 759
220 288
9 372
194 685
620 32
16 606
81 163
191 704
890 214
847 43
833 381
295 406
448 990
492 912
91 330
25 788
230 656
936 19
760 645
301 94
251 983
105 496
955 971
537 537
546 774
163 234
810 98
523 901
85 278
293 531
953 940
385 33
294 947
249 380
315 566
156 592
166 229
642 653
112 985
687 571
899 404
772 535
594 929
183 635
349 429
755 559
231 84
310 971
697 122
613 292
994 647
46 437
191 288
93 301
350 870
46 144
910 624
223 946
913 385
192 350
205 767
408 671
54 694
64 933
266 831
847 956
839 362
751 829
331 549
495 911
352 902
698 422
994 720
490 815
271 70
748 367
691 497
126 107
49 542
754 623
711 488
531 545
381 478
78 120
642 430
110 857
555 0
414 576
694 128
48 860
845 573
542 466
516 555
571 803
508 691
637 458
982 725
647 348
2 17
490 971
727 442
302 493
775 212
168 548
521 853
675 383
637 904
907 383
121 303
537 280
179 435
563 763
510 837
234 6
338 644
713 568
715 958
84 412
966 428
971 50
43 77
300 301
470 599
14 367
531 666
152 76
212 139
230 696
163 472
896 800
712 693
45 302
354 467
86 364
88 511
574 424
726 698
967 724
800 537
810 841
338 691
287 350
593 546
942 205
331 838
304 684
798 393
902 786
262 430
842 891
818 182
348 245
4 788
289 954
915 573
141 434
318 555
773 851
13 362
70 63
149 535
613 580
655 179
590 491
919 241
994 618
766 315
584 328
135 916
155 352
576 597
948 521
939 285
762 904
801 695
820 239
886 561
522 205
15 439
191 104
541 379
434 297
852 938
580 819
84 470
515 964
402 411
245 718
935 148
112 202
916 51
951 674
831 714
94 364
350 514
62 66
930 984
798 122
208 740
260 50
817 4
451 169
792 169
855 295
774 808
705 659
48 199
818 45
156 716
966 907
951 983
971 636
896 431
267 500
371 672
99 637
520 980
13 452
193 944
922 605
86 842
544 22
30 77
593 236
515 73
341 342
821 741
283 815
541 411
669 448
647 564
691 116
880 279
534 586
980 604
304 594
358 76
672 293
827 609
260 947
724 401
935 853
514 210
270 109
325 468
875 563
815 479
154 348
125 65
940 178
872 67
345 523
356 902
63 491
599 366
314 166
771 245
141 290
180 212
469 521
629 512
587 200
542 278
685 80
98 979
328 278
308 338
1 853
701 606
584 876
918 52
396 10
624 332
397 480
890 247
106 287
872 682
846 435
392 493
758 389
863 583
274 943
935 530
234 323
152 704
196 457
873 852
393 199
524 656
411 812
281 908
159 340
104 312
567 160
329 206
584 790
814 165
730 12
693 698
762 472
844 49
971 781
620 874
321 195
705 205
910 944
332 558
51 653
998 176
57 863
171 737
254 936
150 163
501 247
98 47
541 371
462 807
930 974
510 225
985 659
638 30
654 728
660 163
568 406
814 738
185 289
535 889
49 823
276 802
681 171
119 745
335 207
379 871
99 355
653 798
219 902
817 735
206 723
815 87
847 892
556 191
923 727
100 441
553 22
152 692
890 76
641 903
819 10
634 862
210 872
964 902
51 400
401 834
419 327
655 158
114 709
820 985
580 423
289 50
210 914
768 550
899 560
233 871
850 252
682 720
926 601
545 285
418 8
658 730
255 825
895 265
270 523
164 837
586 309
490 929
778 806
761 50
854 125
417 656
519 898
81 12
957 330
744 296
574 360
847 100
236 240
322 359
919 539
958 650
515 879
980 137
469 886
733 139
314 39
289 610
700 998
985 96
666 429
765 927
886 308
859 280
335 406
278 286
314 324
712 399
580 562
354 186
321 930
69 543
577 348
893 63
6 871
263 752
904 45
707 871
283 475
207 105
165 81
730 112
777 531
254 377
333 476
942 514
845 194
897 659
18 684
343 820
214 917
508 143
25 296
670 998
941 16
58 561
491 125
666 626
902 298
70 123
276 67
858 996
699 81
136 645
27 565
620 368
72 946
562 378
400 832
480 817
207 679
902 451
857 577
293 313
416 238
726 154
178 885
154 763
111 978
639 637
543 654
807 461
206 713
443 654
253 693
176 763
41 548
153 964
53 207
612 779
13 597
737 185
356 862
609 920
887 163
913 930
349 983
392 461
204 101
703 523
313 127
144 953
318 993
582 90
964 164
892 85
756 732
562 258
364 114
837 801
953 713
29 683
762 536
60 668
932 984
512 493
780 922
431 753
177 256
646 368
324 437
865 80
108 501
848 56
206 315
983 131
156 660
870 43
5 90
357 570
498 709
821 557
569 823
32 909
702 129
582 898
200 213
573 453
470 716
991 204
590 172
244 367
759 105
825 388
521 140
928 797
574 396
319 998
583 271
87 123
644 45
30 512
197 131
162 470
999 87
46 491
689 261
382 192
24 417
70 676
375 493
546 695
329 678
103 439
583 516
645 798
632 14
90 507
941 322
50 333
1 660
115 248
356 95
556 672
787 232
542 283
929 927
927 366
248 528
764 834
150 738
139 464
835 43
994 704
960 953
774 456
216 62
586 123
783 995
132 339
362 626
223 991
82 159
737 607
313 310
446 273
526 526
920 608
440 372
334 856
395 721
580 133
915 355
574 19
165 608
375 710
432 765
901 366
23 999
718 175
876 354
860 266
263 716
834 598
111 21
47 867
9 16
837 518
538 624
629 740
880 598
599 139
342 920
872 427
580 744
130 159
980 526
227 163
653 652
985 764
259 472
826 538
874 511
651 783
638 706
29 741
700 185
963 636
279 571
490 550
15 876
505 736
903 254
896 513
822 746
696 97
439 383
324 168
432 194
740 381
767 80
485 786
187 302
212 489
991 275
989 888
143 978
888 689
685 95
676 363
312 711
531 824
157 395
341 761
626 650
219 593
446 914
240 865
755 377
763 636
19 305
91 779
442 269
838 499
182 902
466 886
951 348
82 544
922 838
918 880
675 394
429 306
715 442
176 131
213 868
916 452
376 155
814 593
119 443
980 287
166 127
593 817
827 370
813 21
383 680
993 140
207 902
930 43
782 949
122 243
36 213
609 841
723 480
692 714
132 971
803 775
147 865
811 637
347 715
48 56
548 170
601 241
800 311
548 982
543 281
429 908
340 232
642 193
197 413
584 107
413 825
116 136
313 317
787 122
5 13
405 504
563 239
390 440
33 173
798 230
448 707
261 730
254 61
754 401
232 821
44 913
205 445
756 909
735 819
814 870
134 560
242 362
813 696
828 534
955 411
386 859
324 990
913 138
805 226
562 957
394 214
131 154
669 309
683 471
22 420
969 776
585 748
630 854
676 294
763 397
111 732
183 82
48 731
962 629
969 47
467 658
530 194
264 172
698 258
162 366
823 860
368 633
979 317
949 734
386 837
785 834
851 81
289 297
591 5
639 504
846 654
14 862
734 246
689 655
495 423
605 469
408 147
75 615
500 670
460 389
391 637
228 938
5 376
538 395
342 918
400 672
324 565
329 381
87 602
28 120
175 116
176 741
7 678
22 707
373 558
61 640
68 488
57 802
791 538
412 649
25 714
451 83
931 465
675 489
554 356
245 54
817 847
395 923
209 352
148 57
917 862
965 415
40 372
113 173
545 720
137 874
623 764
455 412
755 44
934 574
674 717
59 753
235 905
362 734
731 562
452 859
33 902
386 264
253 711
123 920
397 938
153 414
248 202
144 320
278 913
572 949
160 678
204 398
35 159
995 968
209 230
894 442
905 488
182 773
176 40
532 985
553 5
380 320
68 359
910 293
721 169
866 984
786 689
876 789
688 845
580 774
324 147
670 777
635 640
632 867
720 468
540 580
825 800
292 348
290 941
81 174
766 83
826 74
34 56
555 27
592 745
114 59
952 527
571 839
410 169
248 154
154 204
86 377
355 362
493 872
817 66
174 12
924 406
604 813
233 464
943 310
410 109
411 40
172 338
852 539
255 67
126 407
980 962
902 84
146 843
797 445
353 480
52 622
367 330
971 567
955 884
352 112
774 697
853 117
394 221
130 199
324 174
245 47
17 688
333 875
774 217
954 720
898 146
901 959
771 240
41 378
547 236
200 738
291 776
75 359
650 401
5 277
539 160
406 408
930 522
767 897
934 359
899 194
100 829
909 224
176 387
318 380
332 58
677 46
364 479
553 45
834 787
568 169
225 217
114 432
650 639
137 738
813 421
753 467
299 749
683 278
710 678
512 804
56 587
342 459
672 708
770 297
447 28
444 881
102 296
437 149
910 571
816 123
221 242
455 713
48 57
749 795
349 171
90 875
100 957
989 494
931 649
599 37
918 273
341 833
728 794
357 554
214 463
666 308
431 359
249 475
657 37
391 642
682 968
261 176
112 915
574 607
951 334
553 689
932 731
612 144
668 630
88 868
895 123
594 779
553 652
796 720
716 278
623 522
263 199
809 52
891 137
89 939
727 687
137 885
156 293
102 438
333 541
494 600
105 425
589 763
176 54
910 849
591 548
684 586
151 79
90 945
929 560
491 463
869 551
294 772
609 183
648 135
982 345
335 564
234 884
965 137
736 5
200 999
989 287
952 669
399 450
367 718
249 216
232 404
218 917
350 900
30 742
222 947
491 711
638 474
628 155
913 757
364 606
580 171
428 193
924 7
901 680
146 174
117 451
705 660
574 579
880 394
752 857
157 355
804 6
345 229
596 506
174 92
612 431
176 306
224 595
650 889
634 643
632 183
629 176
29 538
812 770
49 178
506 149
511 844
899 647
922 613
422 391
740 448
433 17
859 536
873 551
843 284
734 110
894 592
738 256
967 104
208 489
682 777
585 45
464 234
253 181
435 774
856 50
580 16
915 778
831 194
324 706
224 785
680 10
555 183
129 399
931 64
415 953
298 453
699 564
711 142
594 613
213 661
556 420
629 756
883 270
583 992
921 38
290 364
883 570
235 9
35 236
556 296
994 57
439 955
371 674
193 363
302 701
196 667
428 988
523 740
574 749
991 389
198 648
992 462
365 324
76 2
400 104
714 683
159 525
35 178
684 765
973 162
511 214
870 757
980 166
272 636
274 335
674 881
599 40
962 792
31 101
164 779
684 900
361 44
227 979
999 679
762 861
74 832
235 823
452 91
95 140
681 894
222 880
850 600
298 55
965 827
810 75
124 677
265 104
553 662
709 959
385 748
771 843
839 77
221 844
407 210
807 737
438 552
933 881
721 326
405 94
197 639
266 633
841 34
598 329
238 375
686 533
734 871
53 702
918 412
194 171
595 511
296 283
128 46
884 486
506 682
609 24
286 932
820 214
998 284
329 476
783 558
244 752
732 112
785 816
908 561
408 535
128 441
791 785
686 588
1000 1000
448 507
79 680
924 161
12 920
260 802
197 828
674 587
599 272
190 972
512 562
445 367
520 770
15 774
101 622
788 914
179 197
938 246
682 846
55 398
470 315
394 302
396 481
237 71
958 411
0 968
12 129
992 518
641 162
360 327
432 302
36 539
814 358
470 803
930 397
607 651
908 863
694 841
398 42
182 837
326 673
53 188
951 572
885 811
153 730
994 344
663 662
707 301
944 635
254 27
456 907
729 637
785 824
339 709
135 126
280 532
602 929
685 247
673 849
851 902
777 556
12 445
883 980
830 369
393 593
374 278
582 676
842 843
178 809
590 266
344 672
632 245
807 474
864 162
651 888
643 84
984 917
813 404
406 42
95 296
878 60
119 759
520 616
954 270
396 975
941 1
536 834
457 493
922 981
760 155
329 972
67 416
623 869
762 442
245 842
804 741
264 781
11 693
846 106
508 619
86 328
8 62
448 54
480 901
419 589
28 987
15 943
29 820
554 175
420 197
835 341
156 414
710 71
764 199
419 704
802 553
55 25
393 305
467 134
554 615
997 180
744 903
371 371
166 807
128 299
976 380
988 242
914 538
39 228
815 320
55 126
338 250
314 433
996 976
24 338
125 731
437 808
714 573
761 567
853 74
862 618
213 381
183 359
953 741
498 508
2 832
952 903
829 136
916 709
926 305
259 415
904 393
140 256
606 840
727 41
213 542
949 188
689 401
932 810
86 616
412 214
549 516
852 143
221 690
434 878
996 86
800 287
635 477
970 281
705 3
913 133
831 531
533 407
597 390
221 614
144 767
877 536
20 925
740 994
0 989
640 15
747 65
124 620
387 183
38 689
860 704
477 740
984 57
158 293
177 357
565 687
528 484
846 983
629 101
330 710
693 651
978 829
681 370
682 336
433 310
336 350
909 900
667 517
666 342
597 534
786 306
865 198
398 235
214 978
503 195
660 274
878 437
903 350
222 866
651 477
135 26
432 523
501 807
356 323
624 829
671 229
371 533
276 162
156 28
143 863
350 200
8 442
961 602
259 261
208 561
563 947
390 134
718 304
254 818
119 626
293 827
831 444
214 81
14 251
506 691
197 860
27 681
154 752
354 818
282 643
704 574
457 164
240 137
895 551
33 253
98 736
236 168
528 901
737 50
175 2
155 663
182 810
379 72
31 416
891 493
914 784
932 808
806 715
793 39
376 106
581 944
79 751
797 514
126 869
203 145
396 12
170 359
817 998
910 482
515 225
859 4
647 416
4 109
512 662
891 948
583 871
751 84
111 367
340 320
496 881
627 154
866 272
930 159
514 994
356 362
22 188
202 411
788 219
42 563
8 28
887 459
609 243
350 552
332 507
345 725
767 645
795 276
692 996
560 133
490 678
428 67
941 879
503 470
482 313
903 938
925 165
139 442
310 124
607 96
513 463
439 639
881 273
146 886
767 417
923 399
628 498
388 921
241 926
146 683
435 429
987 206
865 96
475 462
96 217
631 247
184 474
790 70
90 650
680 560
133 734
707 138
155 354
585 628
429 731
36 110
916 674
251 905
29 587
245 801
933 917
910 408
370 359
201 405
584 356
646 170
265 699
7 102
946 549
7 853
862 238
951 161
174 230
138 150
845 990
44 394
405 702
774 802
776 406
919 156
393 910
204 358
260 805
777 243
549 103
441 765
38 715
193 805
387 385
85 271
448 314
829 91
41 346
99 892
73 902
980 820
496 104
392 247
482 928
715 521
655 254
258 606
25 205
910 173
370 182
219 495
483 29
979 479
254 13
602 989
740 960
114 502
398 289
966 90
896 910
970 754
920 822
782 394
826 688
272 748
942 912
363 596
128 55
923 405
896 54
304 208
531 989
459 720
571 243
859 476
869 554
308 455
615 349
500 738
460 17
149 625
668 318
65 522
863 642
504 689
175 15
103 697
905 8
37 412
91 766
450 103
955 742
900 155
956 552
607 943
336 105
160 457
633 397
939 462
939 505
953 434
494 759
60 720
471 731
866 138
962 133
147 586
426 472
662 123
827 797
69 923
104 509
237 306
575 665
303 484
699 381
320 358
338 485
225 799
124 769
658 779
908 808
128 925
472 164
375 200
933 742
562 722
257 858
891 499
162 930
342 526
331 989
719 852
571 557
457 281
615 208
796 751
573 647
53 839
729 428
207 715
912 681
336 770
630 246
805 118
315 892
650 607
516 978
289 211
462 122
301 793
36 615
328 755
670 981
144 532
570 792
156 685
386 572
170 878
380 341
82 909
533 619
139 280
259 886
196 79
334 499
831 383
101 78
170 6
642 686
981 940
338 751
977 199
963 92
353 317
660 952
46 847
393 885
248 45
999 570
620 983
355 701
76 644
539 581
752 18
572 568
896 422
834 643
617 714
234 895
473 765
338 695
34 288
964 533
753 905
295 513
905 699
934 709
37 703
965 409
938 612
166 800
119 831
488 651
742 884
634 605
124 48
935 70
292 748
409 907
802 140
798 264
627 101
62 329
496 52
21 122
83 894
954 13
244 712
121 588
163 843
607 820
315 434
792 232
495 66
841 333
564 469
536 15
548 750
959 388
6 316
890 210
296 96
39 336
924 78
813 298
487 938
186 281
236 634
471 873
809 62
787 763
525 144
802 813
405 54
918 401
786 632
584 702
916 831
377 657
420 671
809 982
514 499
322 576
657 757
281 578
2 391
161 573
414 854
176 218
40 782
535 619
374 671
115 624
231 888
667 688
367 428
162 661
226 469
273 101
665 686
833 298
244 944
946 644
880 423
887 635
599 526
519 723
120 296
647 955
175 132
878 803
34 463
268 690
656 494
455 559
341 268
456 615
90 696
56 531
534 378
194 732
934 244
616 197
8 918
394 449
710 579
90 27
355 794
136 410
728 138
311 820
443 605
288 753
248 498
751 682
122 820
851 903
438 611
554 397
557 768
573 320
300 184
407 176
506 361
840 329
413 700
225 238
273 155
879 793
625 566
385 815
157 820
378 476
367 823
337 431
224 521
440 11
628 442
601 832
928 561
963 678
980 891
242 353
448 803
162 395
669 854
676 766
472 108
527 690
93 514
811 596
264 938
978 673
944 676
306 879
551 119
650 336
419 921
426 125
283 107
833 380
52 263
289 602
242 337
89 754
223 158
71 816
201 106
401 944
368 52
148 710
127 192
249 954
871 43
821 478
61 735
484 518
248 369
346 74
27 737
232 832
734 803
984 639
313 733
235 288
365 471
55 104
71 134
988 119
137 589
311 367
720 370
778 107
948 291
628 271
135 746
84 959
67 955
143 35
739 699
265 362
970 83
154 565
830 599
90 258
930 206
859 988
169 612
991 219
429 387
9 375
643 357
820 138
463 386
784 191
421 772
164 362
746 32
615 282
385 360
533 177
266 740
714 496
208 327
91 720
424 946
938 461
764 385
845 896
530 556
619 284
200 20
2 175
252 185
334 719
878 587
404 753
584 484
635 711
840 269
602 581
743 54
80 104
910 287
38 231
89 294
38 859
325 821
718 537
360 799
17 236
365 941
987 950
496 274
734 563
264 485
342 21
474 835
33 502
101 297
470 336
597 272
201 789
628 564
450 335
518 500
845 444
30 251
981 43
515 254
534 5
770 771
59 862
651 589
721 649
271 34
954 593
197 389
314 171
24 434
89 670
188 538
38 755
547 315
940 410
891 1
723 831
425 915
528 65
776 560
281 385
195 107
768 332
309 276
350 513
385 904
748 705
273 476
340 455
711 493
937 950
205 688
351 251
843 628
782 909
347 602
581 2
716 934
23 936
77 781
995 375
482 670
182 91
344 862
171 271
688 367
681 671
433 754
456 756
527 917
908 38
338 213
453 590
793 174
521 488
481 382
940 267
380 688
164 739
433 306
210 437
762 471
177 738
167 827
430 181
864 499
574 227
275 517
28 843
593 789
81 441
56 888
512 487
256 338
777 254
842 481
263 488
119 954
504 248
941 367
817 130
8 233
172 350
678 175
424 364
745 738
166 200
786 833
872 441
350 40
168 654
730 871
10 150
486 742
767 984
704 509
604 691
1 940
506 281
812 9
748 176
74 661
483 512
110 814
465 676
770 133
490 311
748 615
102 901
76 320
973 11
734 332
205 138
122 224
158 53
879 218
545 706
837 894
700 751
334 891
897 58
737 790
576 958
16 666
867 109
94 812
51 455
263 216
645 830
60 372
141 815
891 873
991 373
887 191
737 284
595 398
690 964
209 875
934 505
658 93
148 666
380 420
151 67
326 567
986 953
63 216
949 688
462 260
803 103
264 976
670 320
259 817
624 318
175 674
573 977
180 525
866 467
89 964
915 907
484 436
704 321
736 221
764 987
502 468
556 778
141 129
515 159
418 430
47 174
340 508
793 771
311 163
808 975
149 906
553 36
884 209
366 452
835 38
14 972
105 130
355 617
582 927
281 321
937 974
584 294
108 660
652 507
267 496
217 756
387 837
503 19
408 73
802 6
683 341
999 203
948 571
124 34
1 104
573 536
688 770
264 716
527 503
646 12
361 989
169 982
182 168
606 440
415 149
69 899
559 69
337 349
677 758
743 934
259 572
371 335
130 337
954 946
968 876
826 139
739 601
581 798
344 187
116 283
131 357
727 424
611 243
166 531
657 316
539 243
666 347
588 36
444 547
142 373
753 385
261 574
999 255
391 100
439 180
672 21
551 483
598 350
585 661
441 629
334 234
233 838
48 281
842 762
789 781
822 626
829 428
501 918
352 557
323 656
234 558
142 787
731 241
134 740
476 331
466 183
622 176
996 180
815 22
904 270
410 70
537 252
92 144
84 46
105 524
207 916
328 473
143 689
446 545
857 614
284 85
245 91
597 248
445 300
347 547
521 709
890 652
745 51
449 666
69 126
814 909
56 545
606 12
634 257
115 242
840 512
202 918
484 734
517 42
654 182
166 428
1 721
509 796
421 938
438 457
420 752
691 32
371 896
685 561
606 819
471 639
506 642
903 412
537 298
217 133
490 743
606 349
73 879
927 704
310 633
963 616
756 782
480 234
952 831
238 730
843 805
202 417
578 553
320 97
466 513
838 928
162 104
501 996
888 935
616 675
856 174
667 6
575 56
1 767
34 138
424 698
482 366
967 71
561 134
631 63
800 522
846 592
152 391
341 166
127 101
996 480
456 833
714 20
277 439
742 586
204 337
481 170
881 357
713 188
11 906
125 47
992 338
506 818
244 299
827 568
551 665
607 890
486 282
355 573
352 603
264 673
797 457
687 572
172 435
455 884
893 204
52 602
823 285
908 485
679 270
524 902
510 428
26 284
302 84
470 113
9 459
378 46
91 552
89 404
843 882
548 635
527 281
451 689
788 788
129 427
834 583
780 808
826 108
791 576
131 467
71 924
173 653
621 513
647 31
437 789
949 591
934 361
16 255
639 989
72 744
755 799
748 449
711 319
850 987
644 7
410 368
882 199
610 18
189 965
451 890
78 950
286 363
684 374
33 452
361 634
66 3
55 892
597 153
234 331
124 582
762 91
164 92
139 294
974 189
185 19
138 774
434 791
462 429
390 244
81 505
243 291
883 122
895 829
44 681
481 813
38 602
153 270
436 130
238 166
600 776
930 825
206 453
371 514
683 439
840 402
24 180
900 993
211 196
753 743
262 382
931 492
1 121
329 516
609 303
844 94
502 787
658 304
437 346
989 625
262 376
906 900
651 165
751 827
672 954
736 100
596 414
81 238
868 949
822 708
236 856
507 959
290 159
402 209
548 95
611 528
830 278
468 572
654 60
257 898
694 933
741 515
94 504
662 237
127 691
719 85
102 541
848 859
962 771
41 826
932 839
523 111
463 895
903 338
805 588
823 66
430 191
101 407
833 853
619 966
188 720
333 511
996 278
68 455
705 190
764 80
762 747
968 264
4 123
175 697
923 294
411 832
677 842
550 185
906 215
328 814
670 808
608 599
827 583
937 530
237 455
21 119
1000 72
97 16
232 692
845 957
773 940
974 817
10 414
792 752
671 601
734 837
840 648
864 915
581 541
783 540
301 179
493 758
993 157
814 106
841 414
190 700
658 192
60 294
113 287
815 545
54 384
242 925
27 10
372 614
641 897
560 530
222 5
372 895
326 193
851 288
826 785
487 323
678 627
494 222
311 805
899 568
795 848
851 822
223 765
48 608
104 888
762 72
183 253
265 309
100 644
704 824
275 752
448 825
583 477
623 141
180 513
690 551
489 625
87 760
631 929
562 818
15 877
803 400
865 904
806 859
988 240
275 117
731 878
585 113
839 567
611 307
688 125
706 657
907 318
172 450
845 501
816 997
54 54
3 610
602 477
801 873
719 206
788 299
292 536
838 848
743 981
361 839
918 698
603 697
628 895
303 585
93 869
685 37
756 926
746 347
55 547
166 886
605 949
991 114
446 104
851 194
691 893
903 395
511 217
81 433
371 702
374 346
169 790
87 25
602 960
806 493
946 528
223 90
580 604
144 246
446 748
97 858
360 997
515 653
381 618
585 659
274 575
705 907
212 646
33 804
43 818
845 782
620 204
643 176
540 862
210 792
733 596
5 430
119 519
784 979
659 702
680 753
307 871
412 855
483 846
55 22
854 511
76 697
272 732
651 859
888 461
130 76
843 174
520 667
67 223
634 903
142 318
853 299
99 283
825 174
355 384
182 327
970 350
571 798
337 522
888 113
145 192
234 552
358 467
787 146
256 574
926 308
470 295
259 802
990 63
275 166
399 368
189 838
113 204
787 834
740 711
389 181
266 357
391 128
593 726
90 139
88 976
181 917
57 595
786 974
70 471
844 443
315 190
679 585
656 148
10 277
540 878
995 62
958 517
568 606
302 427
311 876
913 599
942 922
839 573
986 926
12 35
386 663
702 852
892 156
935 440
464 926
769 895
658 7
282 760
580 482
933 310
635 639
955 185
154 328
329 173
263 815
343 8
871 178
235 248
685 125
98 84
512 78
516 954
4 297
721 467
486 633
249 339
559 921
415 734
80 445
424 496
297 202
992 874
851 166
444 648
491 773
735 553
139 637
534 463
187 612
13 897
812 676
806 111
864 218
103 3
744 232
952 755
483 588
835 550
326 488
944 840
643 485
142 23
222 449
300 930
83 193
427 820
669 175
785 76
196 745
19 359
998 125
530 320
267 259
86 453
63 65
752 80
47 12
369 749
586 76
711 330
749 162
551 239
846 269
599 932
806 728
636 342
656 27
482 795
980 222
655 2
579 948
415 233
52 610
396 633
887 80
10 309
202 257
523 320
505 873
150 437
699 171
119 231
530 559
535 194
273 992
795 71
899 412
67 367
569 981
563 717
991 45
0 919
886 71
351 969
159 769
281 633
815 272
694 277
385 331
918 746
657 8
366 952
305 34
115 117
550 224
802 288
685 941
9 549
934 414
294 480
458 574
456 286
903 179
817 718
551 948
214 863
340 172
402 138
274 932
180 3
871 673
384 315
643 149
761 968
228 9
687 127
330 369
686 987
213 664
628 340
151 662
192 30
33 144
316 741
823 312
710 148
280 866
271 220
893 426
25 895
265 514
117 179
31 63
638 303
492 982
377 87
360 971
209 833
91 265
136 575
953 501
915 797
786 279
35 799
532 481
452 361
569 806
709 652
348 809
377 377
11 475
401 579
385 572
473 506
207 233
388 451
361 392
834 337
140 964
452 19
21 811
342 438
944 802
385 927
275 884
748 359
145 980
876 575
412 1000
576 963
28 66
52 815
213 845
812 583
588 823
628 168
640 755
640 48
301 535
653 997
830 267
743 538
150 165
278 483
548 428
406 582
812 290
208 649
918 995
86 939
463 771
284 290
558 727
659 752
860 356
476 936
119 823
269 802
592 334
184 731
1000 684
282 198
338 462
391 392
16 600
589 495
878 317
862 647
677 795
419 261
998 63
561 921
355 135
791 420
124 828
561 854
78 567
400 372
39 632
370 31
559 874
401 730
491 300
978 630
402 698
572 221
809 382
32 470
276 250
652 527
336 617
484 583
861 197
255 896
603 663
232 450
