41 48
65 30
27 7
32 24
49 31
22 45
18 74
66 65
22 50
14 79
73 83
64 91
77 78
49 2
33 96
13 62
7 20
15 15
26 7
100 77
37 66
80 86
82 57
72 82
39 98
60 32
37 14
82 63
51 49
89 46
0 96
74 95
31 100
72 22
71 51
73 38
55 46
97 31
5 1
39 3
94 67
58 55
33 85
37 48
94 23
12 98
15 81
78 73
29 53
85 41
19 55
38 34
43 75
23 18
87 67
6 58
18 21
5 36
57 71
29 100
36 85
71 65
16 93
47 2
39 60
3 69
27 42
27 12
51 13
27 57
9 91
25 8
19 92
89 3
97 82
26 69
18 12
40 33
21 19
73 18
1 10
32 47
37 83
50 60
82 2
2 93
17 33
50 92
49 3
88 72
1 76
12 37
11 97
44 8
8 69
27 44
100 40
75 100
77 96
55 1
9 8
26 78
41 20
82 58
57 44
38 70
39 69
77 51
58 92
38 75
78 38
39 9
90 92
92 89
64 12
67 48
64 84
29 21
73 31
13 30
3 59
66 53
74 40
94 37
55 85
31 62
12 97
36 79
78 59
3 26
33 3
71 55
77 39
61 74
92 83
26 23
82 27
26 79
9 38
31 45
80 79
3 36
67 78
78 94
28 96
15 74
16 65
27 53
25 32
42 93
13 47
83 84
15 83
81 0
78 86
37 57
15 51
89 6
53 7
1 8
21 21
25 92
25 1
84 16
54 76
35 17
15 80
7 69
18 76
48 25
46 29
65 49
29 8
21 32
65 34
36 39
40 75
10 94
62 46
83 15
62 36
33 88
25 73
59 9
94 62
42 37
15 27
61 68
91 30
72 32
5 23
41 72
68 20
31 19
52 17
49 77
16 34
25 24
60 36
82 68
29 91
72 38
85 1
29 32
98 35
35 64
66 1
57 67
65 67
66 90
51 12
76 92
50 4
18 56
78 72
54 11
72 48
89 31
12 17
8 51
42 95
98 0
28 17
38 14
43 16
69 98
36 8
32 18
41 19
50 42
92 80
81 24
22 89
99 15
69 100
98 67
51 26
5 18
25 76
10 87
90 39
14 64
49 28
75 10
10 40
15 76
31 2
30 8
100 56
74 44
7 71
35 70
64 49
32 48
21 87
13 80
7 16
22 90
81 52
74 4
7 32
12 45
16 2
66 91
63 99
43 45
76 42
97 9
100 10
50 85
12 88
98 38
27 18
14 61
60 48
72 59
80 82
44 97
48 49
61 25
7 84
85 78
9 86
22 48
8 96
41 50
72 56
2 13
34 38
32 38
32 56
67 58
69 18
60 95
71 8
40 62
24 52
26 52
57 8
43 95
