985 936
671 422
518 66
179 685
974 755
239 604
249 130
724 315
398 808
144 826
595 740
697 771
540 62
119 885
451 646
742 768
507 688
437 25
300 966
630 327
287 656
685 595
842 941
172 153
955 679
473 258
82 444
940 325
631 268
518 696
583 528
0 841
632 314
931 243
544 146
739 589
175 912
518 1
128 188
888 977
799 36
922 205
172 977
82 328
310 244
264 676
882 102
386 874
304 527
909 6
355 15
584 262
194 879
670 582
754 58
228 228
599 66
861 203
409 311
486 440
879 221
321 822
22 411
203 816
455 958
195 617
475 930
301 243
71 123
184 719
461 590
703 715
395 1000
608 529
848 613
914 315
656 81
957 487
91 690
521 770
719 134
771 637
508 948
145 508
179 452
203 113
667 449
362 785
855 562
745 464
794 574
872 68
963 837
826 604
235 825
605 705
4 237
943 137
941 136
58 580
797 11
847 772
789 166
617 545
217 296
513 250
559 763
76 559
109 26
664 324
529 878
778 191
51 591
82 645
586 31
777 518
855 733
558 872
312 977
607 449
910 828
771 571
921 34
937 310
448 38
499 104
85 125
170 326
680 602
700 94
375 107
593 251
324 558
45 290
155 687
805 687
812 605
668 378
877 160
448 351
132 187
637 350
670 738
561 113
969 549
344 228
515 518
709 368
771 322
737 701
